1.00E-09    4.00E-03
1.00E-08    5.57E-03
2.53E-08    7.67E-03
1.00E-07    1.31E-02
2.00E-07    1.70E-02
5.00E-07    2.22E-02
1.00E-06    2.65E-02
2.00E-06    3.08E-02
5.00E-06    3.65E-02
1.00E-05    4.07E-02
2.00E-05    4.49E-02
5.00E-05    5.04E-02
1.00E-04    5.46E-02
2.00E-04    5.91E-02
5.00E-04    6.58E-02
1.00E-03    7.18E-02
2.00E-03    7.90E-02
5.00E-03    9.14E-02
1.00E-02    1.04E-01
2.00E-02    1.20E-01
3.00E-02    1.28E-01
5.00E-02    1.46E-01
7.00E-02    1.65E-01
1.00E-01	1.96E-01
1.50E-01	2.79E-01
2.00E-01	3.40E-01
3.00E-01	5.00E-01
5.00E-01	7.45E-01
7.00E-01	9.37E-01
9.00E-01	1.07E+00
1.00E+00	1.12E+00
1.20E+00	1.21E+00
2.00E+00	1.40E+00
3.00E+00	1.47E+00
4.00E+00	1.46E+00
5.00E+00	1.40E+00
6.00E+00	1.33E+00
7.00E+00	1.25E+00
8.00E+00	1.16E+00
9.00E+00	1.07E+00
1.00E+01	9.50E-01
1.20E+01	8.47E-01
1.40E+01	7.61E-01
1.50E+01	7.34E-01
1.60E+01	7.28E-01
1.80E+01	7.20E-01
2.00E+01	7.15E-01