pressure_IS_display	pressure_IS_pi
1e-100	1e-100
1e-8	1e-8
1e-7	1e-7
7e-6	7.43e-6
1.8e-5	1.87e-5
2.2e-5	2.44e-5
4.5e-5	5.07e-5
8.1e-5	9.01e-5
1.5e-4	1.73e-4
6.3e-4	7.16e-4
1.0e-3	1.18e-3
2.0e-3	2.27e-3
3.0e-3	3.45e-3
4.1e-3	4.88e-3
5.0e-3	5.91e-3
6.1e-3	7.16e-3
7.1e-3	8.35e-3
8.1e-3	9.74e-3
9.1e-3	1.09e-2
1e-2	1.27e-2
2.2e-2	2.64e-2
3.0e-2	3.46e-2
4.0e-2	4.7e-2
5e-2	5.92e-2
5.9e-2	6.9e-2
7e-2	8.36e-2
8e-2	9.38e-2
9.1e-2	1.09e-2
1e-1	1.23e-1
2.6e-1	3.08e-1
1e-1	1.0e-1
1e-0	1.0e-0
1e1	1.0e1
1e2	1e2
1e3	1e3